2146873084
611898765
4222114785
3490564312
514441503
709655057
1030457725
460277702
208579043
2543624366
3839511828
1290344714
1926276791
52007363
3323072959
2805222610
1438166572
350542840
2413088592
3829476738
3165470242
3853899563
2313757014
430443015
3526545725
3462666446
2962416697
3450826226
1171760396
1241389531
521182450
133371890
3995579220
1922792044
2396671651
682544186
2772715816
1961660920
2526891741
3282939151
763549185
255191130
949651109
3211580536
3113463857
3177083176
2746557456
3383236086
798378465
3272294922
2381672445
3506191884
2749086121
4006354143
270535696
3969801908
1152702588
3232451172
1013831340
205026946
2849263709
3624166200
949328214
763199578
566169787
4184015862
736760052
1369890600
4237400237
699690256
2275236802
3211065694
1328109534
3617702983
1192366190
787858068
751754214
3415830638
1219975012
1128808721
2836402927
3510858430
3478889143
1556929909
2463864434
1874735217
419407064
967293715
1763893166
3221995134
1018092878
2031156118
2637634336
1351512371
249648993
1693635239
373887389
2523704999
948885549
319563
1624206230
1097817356
2337847075
3156486742
2946174594
1299310436
513095362
1048199342
2660931138
2953303484
593800043
2234607461
1877392521
557225212
610389292
3067910517
3184739452
2305819929
3568574969
479627595
2132858143
1473809084
1862737208
2408267565
3874316493
1972253536
459703063
4090167066
1676321118
3177975434
1238281636
1882054713
1861781370
3828252433
1097970313
1336379569
2148491556
4128965641
96338425
1559370817
2118875234
3992967026
2065468689
2461596039
3918803649
1123590748
1893476975
1958991882
1805470579
4175409281
2027758505
169741639
621457864
770048596
4174972725
1802200192
2424528056
3261246195
2058670005
524969661
65286900
859234702
591346722
502173116
2694766577
2579578954
2895240551
82063879
280035315
3935772521
1678907994
3847040490
386505482
217864458
1344117406
1193470957
1895231989
2811525930
1128926850
3592518845
604541872
835578322
3317440711
1348513874
217274904
568356145
323284527
1084490455
3275076461
538515126
2757456250
1904247499
2374824833
1844892655
323373093
79800247
1736667149
4257720553
2566051610
3378231245
3583076993
2905347811
2512934233
1531724035
78000468
2459827472
1718726687
1306250311
4133969850
1850008718
148430075
533125245
1075823248
3644061451
672641168
175312330
1049883394
150148500
3112538482
2586477158
4008044627
1711219843
1284397383
2750700205
2451607494
1203055435
98628469
1819275012
1686328397
250178963
1186187581
1774098441
878756769
3654687652
3888716037
2921102671
32668589
162238147
4257394412
3482043209
2496652497
2964209581
922437419
2505448612
2096426839
2299874423
1475056812
4103555905
2303481615
1334630577
4282962695
2130266687
2368999180
3574102515
2388392121
1373864225
2878643699
1444600228
2379903739
2793411951
3767401294
589484051
448423035
1485901796
685021017
158281009
1284930054
1622054052
1792797482
473073731
1231233971
2634987343
1983312557
3209677117
1612272202
3183002100
3116729839
806325829
4036433484
2837054020
1095122464
1613160106
1187526576
965902946
3231073503
3893292387
3249307795
1072202596
4285937980
2586628535
3232953076
553254548
2095248968
3003817066
3978909223
2062154415
335861374
4080595711
218669767
2556225260
2269415025
1176103369
4049859838
1634264836
3014964171
2527307658
4280391232
2263752930
1657647289
1070466555
2971054531
3217336270
4177974230
2231109675
1595456230
2510102814
3651705087
2085793211
1997210958
4184890433
2326977665
55218150
2135959634
63239051
3404885074
1021597152
3455690002
762854907
2485908131
903774960
2142859309
1807120666
1276719370
917342100
986825169
4223488011
275697464
34414814
2689523049
2126609823
4260840250
4016632829
2226070594
4245552821
1406716315
601249412
2714621551
1288482164
1516513212
1364447461
760695487
2710212845
246204616
2489817977
3032426669
2983966620
200956330
2451158811
1322104054
1270620038
2085902055
3322194500
4192923966
434122652
2003945351
450896583
3764682968
2246033939
2566180606
545563323
2874880441
4225213858
3820937206
3826475519
155692517
202475099
961444411
1944296986
2660773197
3598758591
858224183
2825992928
267221470
3712125994
3965012819
1057851013
2357585167
2942096682
785782250
3344340461
2097283437
2391446357
1774007460
933046247
1341376787
3338627242
736315377
641761589
2414709445
2441317100
4215891611
1925020318
4097967000
3977990225
4283504068
1569301879
3442960478
239389326
764953489
3470414195
67737800
2475470187
335344290
917903826
4229574050
3614313728
383204406
1413612504
3268620004
1761937051
2616812180
1395065744
3841066073
1565449639
2348077755
4294113439
1695627689
834001435
1247081408
1946437782
4285085110
3816043994
2594155000
3550266772
1219348849
122228154
1174319148
4155439029
1286267668
1185253009
228934301
1762909292
2746877095
211324229
2391650171
3166811558
1359684111
4216672260
1351463896
473290873
3223215832
4210357462
3204618866
2182083161
1375412920
2928353497
3796801554
377129324
798354107
2729306342
2362972070
3816828837
2828247215
2669705103
3244342457
1011242877
1833299344
3148448560
2998286529
2507320111
3928680196
905773942
1417198188
1749770702
3720798197
577977812
1150309823
4155130533
1107837685
1657741434
2404087284
698106746
3445961236
2752814478
4041462435
2120055631
2824143394
3279892313
3305654228
3572175886
3251663332
2373108688
518651868
1563532417
3529301297
1431367257
4251556149
207310924
2391689302
1483787178
197519323
3269215476
1527035520
2062499482
128481370
2697883039
2224170553
1276920907
866193120
1186956231
1116164025
2185380441
2216304924
3186889946
1252447775
567146163
3328547464
3976947646
2176206173
977961748
1168675529
2918402924
2911003732
822707617
696404974
1986524055
1419226208
235720086
1219298739
2311035299
1702260848
975006663
14881833
3444650218
4144518642
3139480419
2479027428
1491524114
2533404599
4150322435
1393489787
3792005547
2183665370
2781882391
819279598
3402100224
1734352053
3572663246
3446856324
2119220959
2153105154
1445224049
2323033865
1911014784
3871282176
389086657
2599996494
3248041730
1607521086
1321648837
1155469896
2108286700
882870222
2312871328
4121044751
3570324175
1881992248
572355269
1415632523
1166912638
1229575852
1026563730
869972841
3577078500
2406137193
833471929
2014600095
230730761
2602624397
2118977686
3422521079
2178198526
2343724727
1689374895
2362134904
4257382945
458054585
2822644677
1512420673
3626271928
3837736080
1879624217
3954912786
1076771474
979989667
3608204678
437041670
4078166858
3100019711
372627091
2161585799
2925542455
2855356560
2246248064
736960385
3359256576
1221992171
3614596834
446504327
1448510495
3417015500
1192866668
2304451429
2566519605
2499943066
1114092522
2716221928
1301338219
2792666487
4282740685
2435497330
2474128151
1872260509
1806200611
2804599782
2011575243
2219618427
906017747
3137032270
974052056
1143062481
2154804798
2195748096
253083406
2134269898
1964375354
300948018
2420331598
3234085823
2731869824
2732475368
636183756
1630703198
2516984207
3430684221
2377195747
768223454
511475053
